[[-1.32679192e+00 -3.72564022e-03]
 [-1.57620796e+00 -1.02820936e-02]
 [-1.47304795e+00 -1.77030794e-01]
 [-2.17781764e+00 -1.38896266e-01]
 [-3.56391688e-01 -7.37905130e-02]
 [-1.09143944e+00 -5.81666512e-01]
 [-1.01948624e+00 -1.57470832e-01]
 [ 6.66994641e-02 -1.08722054e-02]
 [-4.81437451e-01 -1.48109353e-01]
 [ 1.84568349e-01  2.30439168e-01]
 [ 7.67068631e-01  2.73645730e-02]
 [ 3.86907438e-01  1.12572163e-01]
 [ 3.44613461e-01  2.23097419e-01]
 [ 7.80452104e-01 -9.06228941e-02]
 [ 8.69871483e-01  3.21790236e-02]
 [ 1.20708073e-02 -1.43964336e-01]
 [-2.16329820e+00  4.58777748e-02]
 [-2.57586904e+00  1.82927775e-02]
 [-2.63139817e+00  3.53853503e-02]
 [-1.34062574e+00 -3.97495580e-01]
 [-7.38960524e-01 -4.97109931e-01]
 [-4.49113009e-01 -8.62850796e-01]
 [-1.81954436e+00 -8.24440461e-01]
 [-1.61792810e+00 -9.19161119e-01]
 [ 2.41666423e-01  1.68099116e-01]
 [ 6.37465364e-01  1.61470980e-01]
 [ 2.45080441e-01  2.84216066e-01]
 [ 3.67104761e-01  2.12566710e-01]
 [-2.52886973e-01  1.85580896e-01]
 [ 4.01933881e-01  2.15233530e-01]
 [ 3.46333363e-01  9.10204066e-02]
 [-1.49832087e-01 -3.52443373e-02]
 [-2.17431522e+00 -4.58686052e-02]
 [-1.28674860e+00 -6.92476152e-01]
 [-1.07799549e+00 -1.85857354e-01]
 [ 4.26839971e-02  2.84348408e-01]
 [-1.82076494e+00 -6.68442645e-01]
 [-1.82582248e+00 -5.68212879e-01]
 [-2.64938100e+00  3.68098819e-02]
 [-2.50936294e+00  9.10623723e-03]
 [-3.27717829e+00  4.20621470e-02]
 [-2.93750111e+00  1.59618369e-01]
 [-2.71329241e+00 -4.30544110e-02]
 [-1.88860525e+00  8.54648918e-02]
 [-1.93538344e+00 -2.45378906e-01]
 [-2.09618132e+00 -1.38385115e-01]
 [-1.65112128e+00 -6.21066048e-01]
 [-1.67638157e+00 -7.03023024e-01]
 [-2.00880631e+00 -6.85602262e-01]
 [ 6.39220181e-01  6.31389976e-02]
 [ 8.20218609e-01 -6.10922187e-02]
 [ 7.17438737e-01  7.47902938e-02]
 [-1.63008062e+00 -6.93545265e-01]
 [-1.29855597e+00 -5.85899154e-01]
 [-1.77740313e+00 -6.20229062e-01]
 [ 5.29749258e-02  2.31606910e-01]
 [-3.76961096e+00 -6.16254958e-02]
 [-5.37100686e-01  8.90707118e-02]
 [-2.60534778e+00  6.57814189e-02]
 [-3.60061785e+00 -3.12009997e-03]
 [-2.77545449e+00 -3.16743777e-02]
 [ 2.54631790e-01  2.17773178e-01]]