[[ 4.64383117e-01  4.76000168e-02 -3.28197052e-02 -6.64175759e-01
   5.85859388e-01  2.08823410e-02  2.89288924e-01 -4.03635199e-01
  -3.16098369e-01  8.03422493e-01  1.57156602e-01 -4.66632172e-02
  -9.32434480e-02  1.24072199e-01  5.36879115e-01 -7.41924618e-03]
 [ 4.06893807e-01  4.08375386e-02 -1.09442505e-01 -6.11238038e-01
   6.39931962e-01  7.92668839e-03  3.07992297e-01 -4.05493508e-01
  -3.20465769e-01  7.62512986e-01  1.28154451e-01 -1.71275536e-01
  -1.23538305e-01  1.35360685e-01  5.80579212e-01  2.78441736e-02]
 [ 4.76823323e-01  3.05491718e-02  3.38500483e-02 -8.31211147e-01
   5.43392954e-01  1.78539289e-02  2.88747285e-01 -4.14065434e-01
  -2.98340138e-01  9.73546548e-01  2.23348604e-01  1.24639936e-01
  -7.40963534e-02  2.29879762e-01  5.21242104e-01 -2.47760298e-03]
 [ 4.20426080e-01  5.69602233e-02 -2.52232294e-01 -7.85877509e-01
   8.30095626e-01  1.02623268e-01  3.01718445e-01 -3.37914461e-01
  -4.02783911e-01  9.39262376e-01  1.49733682e-01 -2.50849029e-01
  -1.19690504e-01  3.77640304e-01  6.97198462e-01 -1.83650944e-02]
 [ 4.29403675e-01  6.73639326e-02  2.60661262e-01 -6.77922546e-01
   3.72748778e-01 -1.59561668e-01  2.73310276e-01 -5.03680756e-01
  -2.00370496e-01  8.99867263e-01  2.43198656e-01  2.74728671e-01
  -1.22774494e-02 -3.69320225e-02  4.11763417e-01  1.79172870e-02]
 [ 5.23132809e-01  1.93986124e-01 -4.80592722e-01 -6.97910048e-01
   8.01404796e-01  7.29633983e-02  2.66847113e-01 -4.40006312e-01
  -4.78341973e-01  8.74410191e-01  1.44393783e-01 -2.29648451e-01
  -8.23640016e-02  1.88907137e-01  6.23105886e-01 -3.11707594e-02]
 [ 4.38659595e-01  4.68680236e-02  1.43972504e-01 -6.96190079e-01
   4.78393464e-01 -4.59647506e-02  2.78943069e-01 -3.91239332e-01
  -2.90849787e-01  8.54135012e-01  2.07734257e-01  9.10747740e-02
  -5.82625348e-02  1.02556268e-01  4.86011429e-01 -8.76008135e-03]
 [ 4.42398735e-01 -1.11637827e-02  4.77681063e-01 -3.43388520e-01
   1.59422277e-01 -3.97776677e-01  4.19003678e-01 -7.88332808e-01
  -1.47215955e-01  6.12447048e-01  8.53410667e-02  2.29737940e-01
  -1.66214836e-01 -5.43703195e-01  4.40469160e-01  5.99188135e-02]
 [ 3.55299946e-01  1.09422079e-01  5.91863652e-02 -4.16456024e-01
   3.76131872e-01 -1.89077772e-01  3.34271010e-01 -6.21855358e-01
  -2.57258589e-01  6.51781774e-01  6.92540880e-02 -4.98895775e-02
  -1.26891741e-01 -2.26831268e-01  4.81657517e-01  6.41946600e-02]
 [ 6.73432443e-01 -1.08711525e-01  6.85221785e-01 -8.15490477e-02
  -1.84729388e-02 -5.55638432e-01  6.44436148e-01 -1.11815116e+00
  -2.42349640e-01  4.78573509e-01  1.16934336e-02  2.82256115e-01
  -3.80238880e-01 -9.52220657e-01  4.58389890e-01  6.15791324e-02]
 [ 6.32479782e-01 -2.12661459e-02  7.40027899e-01 -1.78041948e-01
   9.32169586e-04 -5.71190404e-01  5.92211456e-01 -1.09125491e+00
  -1.68846628e-01  5.59000032e-01  5.11372206e-02  3.72935391e-01
  -2.51492694e-01 -9.83680108e-01  4.43381480e-01  5.24627240e-02]
 [ 4.93027597e-01 -1.61315323e-02  5.30945015e-01 -3.19954309e-01
   1.21970558e-01 -3.90800804e-01  4.46012336e-01 -8.18754424e-01
  -1.41075210e-01  6.10039687e-01  8.85489269e-02  3.12693383e-01
  -1.91416208e-01 -6.63987631e-01  4.08954632e-01  4.75105832e-02]
 [ 5.74711431e-01 -3.30212102e-02  5.61017393e-01 -1.84631651e-01
   7.50978777e-02 -4.69549250e-01  5.34027910e-01 -9.73913720e-01
  -1.78104699e-01  5.26858178e-01  5.09114134e-02  2.63265943e-01
  -2.60170164e-01 -8.45626857e-01  4.17306072e-01  7.66968708e-02]
 [ 4.90077921e-01  8.59576002e-02  6.86027185e-01 -4.35562347e-01
   1.41237656e-01 -5.63047482e-01  5.10670356e-01 -1.01436878e+00
  -2.30090776e-02  7.43796273e-01  1.19818367e-01  3.57568296e-01
  -9.40648913e-02 -8.93139349e-01  4.90246560e-01  7.25720523e-02]
 [ 4.51312226e-01  8.09114411e-02  7.70798385e-01 -4.75575852e-01
   1.13036076e-01 -5.79832890e-01  4.93967379e-01 -9.89936532e-01
   3.36398433e-02  7.50046566e-01  1.22253503e-01  4.16577371e-01
  -6.90356850e-02 -8.85226225e-01  4.86048068e-01  7.21819534e-02]
 [ 4.25869370e-01  6.52895492e-02  2.55838891e-01 -4.59704392e-01
   2.74266572e-01 -2.64187779e-01  3.30624074e-01 -6.62226779e-01
  -1.97634307e-01  7.65360702e-01  1.49043695e-01  2.24514940e-01
  -9.10470361e-02 -3.04486057e-01  4.07714246e-01  2.38830866e-02]
 [ 3.99911715e-01 -2.04684042e-02  1.18913320e-01 -8.37941771e-01
   5.95921091e-01  5.11064387e-02  3.12594412e-01 -3.40700222e-01
  -2.52081219e-01  9.46953608e-01  1.93964502e-01 -2.15600125e-03
  -9.65441827e-02  3.09998203e-01  6.04028015e-01 -1.01060252e-02]
 [ 3.53180359e-01 -2.34396558e-02  2.10268682e-02 -7.48983740e-01
   6.86060156e-01  4.37148128e-02  3.25869791e-01 -3.25269400e-01
  -3.59573546e-01  9.35781905e-01  1.56380657e-01 -1.70693878e-01
  -1.46287654e-01  3.90031552e-01  6.75462372e-01  1.45766622e-02]
 [ 4.20779197e-01 -4.84890027e-02  6.84616891e-02 -9.13783191e-01
   6.54332598e-01  7.78613878e-02  3.20488857e-01 -3.38607209e-01
  -3.08109026e-01  9.74873915e-01  1.65283809e-01 -6.02971461e-02
  -1.05100444e-01  4.41834932e-01  6.67117964e-01 -1.62752557e-02]
 [ 3.66712409e-01  1.55477630e-01 -1.99088607e-01 -6.81953871e-01
   6.43470932e-01 -7.54449018e-02  2.67708731e-01 -4.65544113e-01
  -3.74489942e-01  9.71985698e-01  1.65504790e-01 -1.84699488e-01
  -3.94720106e-02  2.09813482e-01  5.96091151e-01  5.29769824e-02]
 [ 3.79952776e-01  2.07660996e-01 -2.44494610e-01 -6.05471751e-01
   6.33372569e-01 -9.86153258e-02  2.74920070e-01 -4.80759048e-01
  -3.83590177e-01  8.99322845e-01  1.52003958e-01 -1.50722149e-01
  -5.84643042e-02  1.29455074e-01  5.97586189e-01 -6.96142259e-05]
 [ 4.62906539e-01  2.62767396e-01 -5.08892038e-01 -6.12946919e-01
   7.14905763e-01 -3.58353747e-02  2.41619684e-01 -5.24267636e-01
  -4.60536117e-01  8.86807541e-01  1.29922942e-01 -1.84299060e-01
  -4.37365774e-02  7.08353780e-02  5.78217984e-01 -8.31881035e-03]
 [ 5.57094140e-01  1.55526017e-01 -6.14545741e-01 -7.50112608e-01
   9.43082207e-01  1.65925516e-01  2.66555853e-01 -3.09043022e-01
  -5.95436373e-01  8.83198364e-01  1.37528858e-01 -3.69619524e-01
  -1.07311900e-01  4.20119649e-01  7.22328347e-01 -6.61642891e-02]
 [ 6.68198335e-01  1.98443676e-01 -8.11230030e-01 -7.69549242e-01
   1.03495611e+00  2.20783714e-01  2.85710390e-01 -3.91849681e-01
  -6.44618144e-01  8.61547306e-01  9.12549313e-02 -4.51501418e-01
  -1.29422753e-01  3.69263853e-01  7.40785890e-01 -8.76821055e-02]
 [ 7.78780197e-01 -1.15140683e-01  8.62410021e-01 -2.10994608e-02
  -9.58872595e-02 -6.69770959e-01  7.66429262e-01 -1.31926426e+00
  -2.74067008e-01  5.13545350e-01 -1.11197067e-02  3.17738277e-01
  -4.82536757e-01 -1.20065932e+00  4.65134609e-01  7.30510098e-02]
 [ 7.62736997e-01 -8.83281326e-02  9.24926748e-01 -2.22303095e-02
  -1.23464467e-01 -6.90286831e-01  7.29349064e-01 -1.32345971e+00
  -2.47578090e-01  5.33848566e-01  2.95953663e-02  3.73598552e-01
  -4.11462060e-01 -1.22657806e+00  4.55496699e-01  7.61763134e-02]
 [ 6.96156808e-01 -1.20937867e-01  7.34967882e-01 -4.23612900e-02
  -6.97397882e-02 -5.62439597e-01  6.72569231e-01 -1.19267877e+00
  -2.47584655e-01  4.54663342e-01  1.02140421e-02  2.70183435e-01
  -4.33037336e-01 -1.03087830e+00  4.29466822e-01  8.24481787e-02]
 [ 7.13814950e-01 -1.27956947e-01  7.81244676e-01 -4.13050580e-02
  -7.24367035e-02 -6.09299268e-01  6.78847350e-01 -1.22491417e+00
  -2.29740406e-01  4.79748160e-01 -1.32224428e-02  3.24758412e-01
  -4.25530438e-01 -1.10577152e+00  4.44103693e-01  5.28356199e-02]
 [ 6.16961362e-01 -1.36404767e-01  5.65449722e-01 -1.18346710e-01
   2.53677451e-02 -4.13955492e-01  5.68920775e-01 -9.85941705e-01
  -2.78223549e-01  4.46910653e-01  1.28466559e-02  1.67403638e-01
  -3.83716826e-01 -7.72930396e-01  4.28314314e-01  7.58115093e-02]
 [ 7.12833769e-01 -8.12193696e-02  8.61122680e-01 -8.55410961e-02
  -3.48904647e-02 -6.68011054e-01  7.12777513e-01 -1.22292407e+00
  -1.99002948e-01  5.43757966e-01  2.43693798e-02  3.11499454e-01
  -3.75296023e-01 -1.10784277e+00  4.60084658e-01  6.78010978e-02]
 [ 5.09093334e-01  4.12815602e-02  3.98225367e-01 -3.82267483e-01
   2.10929073e-01 -3.18192083e-01  4.16854036e-01 -7.15949901e-01
  -1.34207788e-01  5.73837896e-01  8.90815657e-02  2.16003308e-01
  -1.33818963e-01 -5.88256198e-01  3.96164468e-01  3.85094963e-02]
 [ 4.58307373e-01  4.22434388e-02  3.37366865e-01 -5.36505565e-01
   2.78689135e-01 -2.25374523e-01  3.37579492e-01 -5.84060826e-01
  -1.53891413e-01  7.50788280e-01  1.62426201e-01  2.42900214e-01
  -7.68223940e-02 -2.69341259e-01  3.87045330e-01 -6.32690496e-03]
 [ 3.73399210e-01 -1.57254526e-02 -9.00516161e-02 -6.30976202e-01
   6.63564042e-01  9.01894883e-03  3.43122493e-01 -3.95017253e-01
  -3.59655751e-01  8.10807767e-01  1.04648671e-01 -2.16968545e-01
  -1.74918773e-01  2.33131427e-01  6.24133426e-01  3.08399478e-02]
 [ 5.00526511e-01  1.77599564e-01 -5.32388166e-01 -6.92934674e-01
   8.26679241e-01  8.69761575e-02  2.67303935e-01 -4.28446316e-01
  -5.03102985e-01  8.47963983e-01  1.26916687e-01 -3.06250412e-01
  -9.64817674e-02  2.60878129e-01  6.51971206e-01 -3.01768563e-02]
 [ 3.41879862e-01  9.85218640e-02 -2.20331589e-02 -6.16156045e-01
   5.54210318e-01 -1.16239796e-01  2.92155066e-01 -5.19046441e-01
  -2.71319915e-01  9.03769067e-01  1.84045848e-01 -3.27140418e-02
  -4.96758551e-02  9.58616721e-02  5.64934258e-01  5.58606052e-02]
 [ 7.93847578e-01 -1.73376559e-01  8.04902305e-01 -9.92027154e-03
  -1.12512790e-01 -6.10293881e-01  7.59843129e-01 -1.31220010e+00
  -2.99587371e-01  4.46846814e-01 -6.52790824e-02  3.13199981e-01
  -4.98029024e-01 -1.11431355e+00  4.57653769e-01  2.18981620e-02]
 [ 5.80645315e-01  1.31639167e-01 -5.32082006e-01 -7.64211330e-01
   9.12801499e-01  1.94734909e-01  2.66260497e-01 -3.25986153e-01
  -5.69244092e-01  8.87511134e-01  1.51845704e-01 -2.95038629e-01
  -1.29496517e-01  4.52728938e-01  6.88406289e-01 -7.57711468e-02]
 [ 5.60448893e-01  1.51151456e-01 -5.02278737e-01 -7.82793832e-01
   9.19365298e-01  1.38269448e-01  3.00921645e-01 -3.39062108e-01
  -5.67732451e-01  9.06977297e-01  1.37141977e-01 -3.32121481e-01
  -1.20287599e-01  3.89832613e-01  7.33040331e-01 -6.32614380e-02]
 [ 4.10878427e-01 -1.01863102e-02 -1.76618295e-01 -8.06618337e-01
   8.54954680e-01  1.42988508e-01  3.34583393e-01 -3.44169524e-01
  -3.92576341e-01  9.41608492e-01  1.47809909e-01 -2.31346749e-01
  -1.58743215e-01  4.42322599e-01  7.55037727e-01 -6.12773806e-03]
 [ 3.98494774e-01 -1.42744623e-02 -1.38352177e-01 -8.16256314e-01
   8.09209352e-01  9.01153532e-02  3.21107748e-01 -2.99039333e-01
  -3.41760637e-01  9.31439373e-01  1.65347458e-01 -2.11396660e-01
  -1.21308313e-01  4.12491521e-01  7.13225797e-01 -1.11916808e-02]
 [ 2.78717041e-01 -5.79407494e-02 -8.83677391e-03 -8.54183722e-01
   8.46809268e-01  6.11849093e-02  3.29783050e-01 -2.69638242e-01
  -3.16832964e-01  1.06216471e+00  1.73960019e-01 -2.52811436e-01
  -1.39596091e-01  5.37641493e-01  7.58004287e-01 -2.14300117e-02]
 [ 3.31553578e-01 -4.79971034e-02 -8.20580841e-02 -7.77259228e-01
   7.95733295e-01  1.05722093e-01  3.43188083e-01 -3.05212230e-01
  -3.16966547e-01  9.12982989e-01  1.31716318e-01 -2.68431172e-01
  -1.53612206e-01  4.19134167e-01  7.32367896e-01  3.68391324e-02]
 [ 3.86816494e-01  3.23062533e-03 -1.40150604e-01 -7.97428424e-01
   8.07397406e-01  1.33051476e-01  3.00910297e-01 -2.78064993e-01
  -4.09883961e-01  9.48088967e-01  1.69283172e-01 -2.54653454e-01
  -1.37755169e-01  5.15886897e-01  7.39607331e-01 -3.07738016e-02]
 [ 3.77867387e-01 -1.31590078e-02 -2.63142839e-02 -5.73902152e-01
   6.10952360e-01  2.44976756e-02  3.22566482e-01 -3.82094532e-01
  -3.30128274e-01  7.48955120e-01  1.17598174e-01 -1.47841358e-01
  -1.61332783e-01  1.98039714e-01  5.87581544e-01  1.28985492e-02]
 [ 4.46497879e-01  7.32064267e-02 -2.64008850e-01 -7.72881326e-01
   8.15144679e-01  5.20231551e-02  3.07925247e-01 -3.75734825e-01
  -4.21695587e-01  9.59832850e-01  1.66513880e-01 -1.93088359e-01
  -9.62730368e-02  3.69725749e-01  6.84337918e-01 -1.85650473e-02]
 [ 4.58611841e-01  6.11953881e-02 -2.43317035e-01 -7.51868469e-01
   7.64638753e-01  1.15565513e-01  2.92643049e-01 -3.69324197e-01
  -3.84211115e-01  9.01359500e-01  1.56408229e-01 -1.86506134e-01
  -1.11301223e-01  3.63075750e-01  6.99465737e-01 -1.98568212e-02]
 [ 5.52629580e-01  1.76656593e-01 -6.12310895e-01 -8.10766473e-01
   9.79763754e-01  1.79779179e-01  2.67947881e-01 -3.57668353e-01
  -5.32464997e-01  9.43414166e-01  1.69095927e-01 -3.28669301e-01
  -9.13664526e-02  3.91738222e-01  7.22733184e-01 -3.34680177e-02]
 [ 5.57263303e-01  1.59848500e-01 -6.02529095e-01 -7.84899497e-01
   9.46642702e-01  1.73201219e-01  2.63543599e-01 -3.87878587e-01
  -5.80949574e-01  9.30384963e-01  1.60301719e-01 -3.13334728e-01
  -1.22641867e-01  4.18254056e-01  7.18296194e-01 -5.66426607e-02]
 [ 5.60595374e-01  1.65370263e-01 -5.71684150e-01 -8.54844016e-01
   9.94982080e-01  2.06162400e-01  2.96880252e-01 -3.20116252e-01
  -5.62107927e-01  9.61023918e-01  1.34776219e-01 -3.62435738e-01
  -1.19167252e-01  4.27675869e-01  7.77360023e-01 -8.77362171e-02]
 [ 6.07074983e-01 -1.12325714e-02  7.53042512e-01 -1.98081400e-01
   3.04511359e-02 -6.07298718e-01  6.29194758e-01 -1.12274054e+00
  -1.33933985e-01  5.90971387e-01  7.55452092e-02  3.34995494e-01
  -2.81494953e-01 -1.01312778e+00  4.69082871e-01  9.68549767e-02]
 [ 5.32668180e-01  9.91286677e-02  7.49503039e-01 -4.29203129e-01
   1.55497431e-01 -5.94539864e-01  5.40873230e-01 -1.04055728e+00
  -5.52509010e-02  7.49827828e-01  1.10721493e-01  3.68903399e-01
  -1.16896094e-01 -9.09189951e-01  5.03800930e-01  5.72219236e-02]
 [ 6.76926354e-01 -3.21301454e-02  8.12108076e-01 -1.92663955e-01
   2.48960716e-02 -6.26703836e-01  6.42858948e-01 -1.14753637e+00
  -1.45459254e-01  6.23972572e-01  7.99640753e-02  3.87702350e-01
  -2.85694358e-01 -1.06897042e+00  4.84545476e-01  6.16736349e-02]
 [ 5.99948398e-01  1.60063720e-01 -5.94255724e-01 -7.34979386e-01
   9.17265663e-01  1.85894304e-01  2.78393806e-01 -3.52490891e-01
  -5.84153920e-01  8.35188463e-01  1.17401999e-01 -3.33229408e-01
  -1.23070620e-01  3.75971536e-01  6.87057911e-01 -7.73154299e-02]
 [ 4.85107631e-01  1.82070557e-01 -5.22821758e-01 -6.25517485e-01
   7.88088661e-01  5.23587665e-02  2.93735046e-01 -4.33655232e-01
  -4.98918782e-01  8.09966179e-01  1.14677916e-01 -3.18770525e-01
  -1.16775175e-01  2.25328173e-01  6.33155554e-01  2.29089533e-03]
 [ 5.72661140e-01  1.39032956e-01 -4.93872353e-01 -7.74640304e-01
   8.65729487e-01  1.74274246e-01  2.71545044e-01 -3.61092947e-01
  -5.40766464e-01  9.42364099e-01  1.62127553e-01 -2.22719509e-01
  -1.20171078e-01  4.31770249e-01  6.89714515e-01 -8.63719754e-02]
 [ 7.55062457e-01 -1.59308539e-01  7.58690564e-01 -4.24064361e-02
  -8.87893009e-02 -5.69857955e-01  7.01615027e-01 -1.22361583e+00
  -2.94279186e-01  4.59211946e-01 -6.22185254e-02  2.87119159e-01
  -4.55189414e-01 -1.03263594e+00  4.31797937e-01  2.09484755e-02]
 [ 2.40193010e-01 -6.25630508e-02  1.84289483e-02 -9.22701851e-01
   9.30202127e-01  3.88502487e-02  3.66635747e-01 -1.81786791e-01
  -3.73053300e-01  1.17781032e+00  1.93358987e-01 -3.30793275e-01
  -1.73464812e-01  6.35532634e-01  8.72232944e-01 -1.63948133e-02]
 [ 4.73977477e-01  6.73676668e-03  2.49354257e-01 -2.40740679e-01
   1.78841917e-01 -2.89997112e-01  4.50725559e-01 -7.89991232e-01
  -2.91955069e-01  5.57758543e-01  6.90241632e-02  2.10807302e-02
  -2.54179995e-01 -4.36571570e-01  4.23624724e-01  8.94681824e-02]
 [ 3.61902725e-01 -1.00398567e-02 -4.40957922e-02 -7.03131826e-01
   7.08401622e-01  7.61017311e-02  3.36113164e-01 -3.11056988e-01
  -3.38370852e-01  8.47335767e-01  1.17518308e-01 -2.47391932e-01
  -1.31650080e-01  3.52328151e-01  6.87656901e-01 -6.08031114e-04]
 [ 2.25760140e-01 -6.01516128e-02  1.90094860e-02 -8.57303235e-01
   8.45904958e-01  4.14129766e-02  3.20043308e-01 -1.74791045e-01
  -3.59801865e-01  1.12366759e+00  1.59845267e-01 -2.89459902e-01
  -1.39220242e-01  5.93594539e-01  7.70529158e-01 -3.54025438e-02]
 [ 3.97209414e-01 -3.60566399e-02 -9.49199109e-03 -9.92212726e-01
   7.35551277e-01  1.03605672e-01  3.01827162e-01 -3.25468913e-01
  -2.92844518e-01  1.08158055e+00  1.88106730e-01 -5.81382994e-02
  -1.14768509e-01  5.03158418e-01  6.77234740e-01 -2.31193189e-02]
 [ 6.62778261e-01 -6.58088815e-02  7.17389820e-01 -3.43910520e-02
  -3.06664154e-02 -5.58829348e-01  6.51282971e-01 -1.11695096e+00
  -2.44236850e-01  4.67122086e-01  2.43843714e-02  2.65636343e-01
  -3.73950744e-01 -9.76344001e-01  4.31723809e-01  6.21612256e-02]]