[[ 5.89483685e-01 -8.50973167e-01 -5.04564633e-01  4.22948737e-01]
 [ 7.13751507e-01 -8.65128319e-01 -2.30853725e-01  4.33260158e-01]
 [ 7.44059814e-01 -8.98431210e-01 -8.51620813e-01  5.15848117e-01]
 [ 1.09672106e+00 -8.08295273e-01 -5.34840962e-01  5.26931976e-01]
 [ 3.01445077e-01 -8.34337687e-01 -7.48713458e-01  4.90608266e-01]
 [ 8.59303931e-01 -6.82334800e-01 -1.70632347e-01  3.18366940e-01]
 [ 4.91786285e-01 -9.09952274e-01 -7.64393875e-01  5.74890707e-01]
 [-3.38964753e-01 -1.33095848e+00  1.49004956e-01  6.78784250e-01]
 [ 1.54408741e-01 -9.57598297e-01  2.94758854e-01  4.72492314e-01]
 [-1.16980864e+00 -1.96492972e+00  5.90932776e-01  1.11066124e+00]
 [-1.13811456e+00 -1.95939647e+00  4.57516423e-01  1.11030551e+00]
 [-6.51428615e-01 -1.46213388e+00  3.45458226e-02  7.85589838e-01]
 [-8.83328950e-01 -1.66338635e+00  4.63332854e-01  8.06454399e-01]
 [-5.75277125e-01 -1.75263916e+00  3.64251420e-01  7.69315763e-01]
 [-5.24179166e-01 -1.74835615e+00  1.89764201e-01  7.29532566e-01]
 [-3.88996844e-02 -9.82319943e-01 -1.13571910e-01  5.79320776e-01]
 [ 8.51880567e-01 -9.99039729e-01 -7.82583794e-01  6.18295474e-01]
 [ 1.00750045e+00 -9.77019072e-01 -5.70191687e-01  7.00931998e-01]
 [ 1.04725668e+00 -9.04661473e-01 -8.42818459e-01  6.32729183e-01]
 [ 9.78368516e-01 -6.04052847e-01 -3.67291520e-02  3.67421272e-01]
 [ 8.00108764e-01 -5.69726077e-01 -6.16947149e-02  4.34720687e-01]
 [ 7.20433660e-01 -4.85818283e-01  1.21817690e-01  2.92700036e-01]
 [ 1.11395712e+00 -7.28527536e-01 -3.50769577e-01  5.24846907e-01]
 [ 9.68138675e-01 -7.56362238e-01 -1.48194941e-01  5.37938457e-01]
 [-1.52506511e+00 -2.45275455e+00  8.99211616e-01  1.30556123e+00]
 [-1.61860375e+00 -2.36832420e+00  7.77675178e-01  1.32617139e+00]
 [-1.35534664e+00 -2.11983411e+00  7.65367840e-01  1.18941987e+00]
 [-1.44804510e+00 -2.21777930e+00  8.00989316e-01  1.21329471e+00]
 [-9.61069572e-01 -1.82672555e+00  5.81861916e-01  9.90426664e-01]
 [-1.34553041e+00 -2.19146809e+00  7.04242449e-01  1.25027894e+00]
 [-4.71785850e-01 -1.31095220e+00  2.31634360e-02  6.10015152e-01]
 [ 1.11766337e-03 -1.02003084e+00 -3.75126132e-01  5.84108155e-01]
 [ 7.96104222e-01 -9.30429369e-01 -2.56950166e-01  6.32393805e-01]
 [ 9.00048361e-01 -6.90613640e-01 -1.15249068e-01  4.67529565e-01]
 [ 7.07962526e-01 -7.95470407e-01 -1.18165836e-01  5.14661149e-01]
 [-1.56420376e+00 -2.40823969e+00  9.24241663e-01  1.45456103e+00]
 [ 9.43615952e-01 -7.67616874e-01 -5.44948248e-01  5.57311199e-01]
 [ 1.06065530e+00 -7.72076834e-01 -4.66842957e-01  5.40317718e-01]
 [ 1.05917684e+00 -9.58273854e-01 -6.19465910e-01  6.89990103e-01]
 [ 1.16567877e+00 -9.35667664e-01 -6.05113984e-01  6.26125311e-01]
 [ 1.46686169e+00 -8.55793089e-01 -6.59831902e-01  7.32410925e-01]
 [ 1.18370048e+00 -9.27083043e-01 -4.46143616e-01  5.75562813e-01]
 [ 1.18412436e+00 -8.88984532e-01 -6.79489461e-01  7.18873567e-01]
 [ 6.47555268e-01 -9.52415639e-01 -3.36681077e-01  6.16978075e-01]
 [ 1.09133548e+00 -7.19349666e-01 -4.73632384e-01  5.49766942e-01]
 [ 9.76865153e-01 -8.55519927e-01 -4.44791562e-01  5.15829309e-01]
 [ 1.12132992e+00 -7.35508465e-01 -3.78103354e-01  4.06424110e-01]
 [ 1.03915942e+00 -7.73865966e-01 -3.91528604e-01  5.58190547e-01]
 [ 1.15528590e+00 -8.23546872e-01 -4.94408991e-01  5.90799493e-01]
 [-1.06817650e+00 -2.08374653e+00  5.81817959e-01  1.00852407e+00]
 [-6.59797700e-01 -1.84343988e+00  2.81049606e-01  8.64658973e-01]
 [-1.19046229e+00 -2.16594750e+00  4.64628400e-01  1.10234029e+00]
 [ 8.69191199e-01 -7.53100780e-01 -3.84065464e-01  5.66729344e-01]
 [ 8.26973858e-01 -6.57383757e-01  1.13379048e-02  4.59551947e-01]
 [ 9.47474530e-01 -7.74792159e-01 -5.69700155e-01  6.05563465e-01]
 [-1.47147029e+00 -2.30156120e+00  8.10088777e-01  1.43995080e+00]
 [ 1.80604308e+00 -9.32671069e-01 -7.67266873e-01  7.68182693e-01]
 [-3.24229893e-01 -1.29312610e+00  5.05567400e-01  6.65409500e-01]
 [ 9.40789685e-01 -9.47692638e-01 -4.15549377e-01  6.90269199e-01]
 [ 1.64831616e+00 -7.96959955e-01 -7.18472831e-01  7.54838047e-01]
 [ 1.19462506e+00 -8.96526468e-01 -9.34284480e-01  6.18034896e-01]
 [-1.25323042e+00 -1.97614868e+00  6.85707982e-01  1.06404875e+00]]