[[-0.24710362  1.17906329  0.42159872 -0.07205798  0.17422527 -0.13561763
   0.19769252  0.37784262]
 [-0.32034766  1.12210801  0.2767362   0.03441704  0.25661718 -0.13983474
   0.24023899  0.4793915 ]
 [-0.27792299  1.36073537  0.65808871 -0.18222754  0.09672383 -0.21577542
   0.21127195  0.18846434]
 [-0.59706719  1.43155548  0.32825518  0.06003758  0.25671902 -0.29700659
   0.33054924  0.47513289]
 [-0.09446262  1.04461566  0.65303835 -0.34858103  0.05756008 -0.14786627
  -0.01743727  0.16154542]
 [-0.48827029  1.2774845   0.15589769  0.13056645  0.51728736 -0.09290984
   0.11909781  0.63363166]
 [-0.26423058  1.22040949  0.56006247 -0.19675838  0.12814113 -0.18788087
   0.15038875  0.24071207]
 [ 0.24327453  0.52670005  0.44816287 -0.08869691  0.38501143  0.18872922
  -0.11501791  0.52288293]
 [-0.10723906  0.67444401  0.23132569  0.06173362  0.44250056  0.05141164
   0.01522581  0.61072101]
 [ 0.56599902  0.2879579   0.4300671   0.08314502  0.48455077  0.50662551
  -0.27605374  0.89046177]
 [ 0.52583385  0.33770813  0.48965775 -0.01700733  0.60243505  0.45999502
  -0.2821405   0.83314049]
 [ 0.35301903  0.4744489   0.50711313 -0.12846961  0.39973069  0.23426632
  -0.16656005  0.55168752]
 [ 0.48594262  0.31255902  0.37956447 -0.0122112   0.46041888  0.38763561
  -0.19935056  0.75539343]
 [ 0.43361967  0.42119334  0.61904179 -0.16293094  0.6833836   0.26743125
  -0.16049791  0.6557421 ]
 [ 0.47674285  0.39794653  0.69103365 -0.22712271  0.65627068  0.21468556
  -0.1361133   0.5894527 ]
 [ 0.03443397  0.7233655   0.46574982 -0.10422907  0.24007377  0.03394015
  -0.0795819   0.39219658]
 [-0.40697192  1.4122255   0.69119407 -0.16843976  0.08376885 -0.31435376
   0.32213704  0.17270734]
 [-0.56078091  1.44488544  0.48464179 -0.04656658  0.09077611 -0.36520669
   0.37040755  0.27479778]
 [-0.43726002  1.50390721  0.70380414 -0.16132822  0.03138933 -0.38814636
   0.35447239  0.1498648 ]
 [-0.43666932  1.22893099  0.24608963  0.09180971  0.24491582 -0.23595149
   0.22757401  0.46970353]
 [-0.4595628   1.11721651  0.21560538  0.10147834  0.39046611 -0.18221517
   0.10473995  0.52305149]
 [-0.48149118  1.11814473  0.10120629  0.19374147  0.57079858 -0.01866751
  -0.0210046   0.69038513]
 [-0.78118962  1.60334743  0.13727383  0.21391123  0.57105375 -0.14920602
   0.18023387  0.67987464]
 [-0.81004382  1.5982346   0.04228194  0.35040457  0.76756448 -0.06922888
   0.15014383  0.89238668]
 [ 0.70048866  0.2887475   0.49792787  0.12314768  0.64633281  0.71371043
  -0.3205845   1.05789168]
 [ 0.71041914  0.28159416  0.50840291  0.0911997   0.58902266  0.67225745
  -0.37014379  1.03676947]
 [ 0.54174946  0.25896446  0.40768319  0.1156785   0.52011189  0.58074798
  -0.30785276  0.96859272]
 [ 0.62653949  0.22055058  0.42675286  0.01441925  0.60590408  0.60225702
  -0.36380135  0.95247141]
 [ 0.39572854  0.39676428  0.32274994  0.11416578  0.4275581   0.44953119
  -0.19434972  0.83041434]
 [ 0.6211237   0.32983648  0.5446022   0.01430019  0.5519989   0.56012026
  -0.26708238  0.94207198]
 [ 0.26770514  0.53626513  0.48184065 -0.16942266  0.45723635  0.21821069
  -0.09360076  0.5613978 ]
 [ 0.08522154  0.80608846  0.60124994 -0.20851359  0.20254563  0.00723408
  -0.00977334  0.2810917 ]
 [-0.47083926  1.2154064   0.3218645   0.09827598  0.20952262 -0.2135119
   0.29973913  0.47502929]
 [-0.66100632  1.33818367  0.12209113  0.22426849  0.57840469 -0.09732817
   0.10364334  0.73182628]
 [-0.37982754  1.08065762  0.36976038 -0.05082408  0.20894842 -0.21707658
   0.15287561  0.3862227 ]
 [ 0.64392704  0.18432601  0.46329076  0.12858421  0.59518019  0.65646834
  -0.40409566  1.09122689]
 [-0.70559184  1.63598724  0.21899709  0.18799411  0.49683614 -0.1466898
   0.15284589  0.61923414]
 [-0.70782415  1.58333618  0.22242623  0.1680553   0.50183394 -0.19263144
   0.21767006  0.6654545 ]
 [-0.66756445  1.50426144  0.39393222  0.04722183  0.20734782 -0.34484868
   0.36650248  0.44097811]
 [-0.62966491  1.46407785  0.4233884  -0.05426952  0.19546859 -0.36810718
   0.38941843  0.36112301]
 [-0.70775096  1.60541162  0.59382875 -0.00964136 -0.04128331 -0.50506518
   0.56139741  0.15253197]
 [-0.54628976  1.43103526  0.41290423  0.06963046  0.10494848 -0.3660715
   0.50988107  0.34232017]
 [-0.7036374   1.58286828  0.42745005  0.03599791  0.1336054  -0.40225935
   0.41195228  0.33534907]
 [-0.41137311  1.14214479  0.31848153  0.02131424  0.17387805 -0.18650796
   0.2629328   0.41888925]
 [-0.5934656   1.43182553  0.33673432  0.02492247  0.24369266 -0.27833325
   0.25047545  0.45628198]
 [-0.52616785  1.41702414  0.31524787  0.07554539  0.30034595 -0.23964488
   0.29033932  0.45143878]
 [-0.73927925  1.57650865  0.14111153  0.15159838  0.5771637  -0.16168739
   0.20590959  0.69019242]
 [-0.84879854  1.5884821   0.17528755  0.17679575  0.56182441 -0.16771822
   0.10264246  0.68852075]
 [-0.8030485   1.66624057  0.25587856  0.19568618  0.5926804  -0.2096155
   0.2783908   0.66486692]
 [ 0.52554456  0.35289622  0.51809203 -0.01227079  0.6733358   0.46418774
  -0.25212404  0.85870147]
 [ 0.42032711  0.48917986  0.61730315 -0.14872108  0.70937734  0.28019813
  -0.14943204  0.68550114]
 [ 0.56128401  0.39941012  0.53892708 -0.07643974  0.67071708  0.50290045
  -0.27386994  0.86549839]
 [-0.71713863  1.52231549  0.12276278  0.2166486   0.5977528  -0.10909138
   0.1336667   0.72922833]
 [-0.62251073  1.25411394  0.07404949  0.24045003  0.54045979 -0.08748129
   0.12202374  0.74893287]
 [-0.69007976  1.58585152  0.27756755  0.18399283  0.4531523  -0.17398775
   0.16243213  0.57288132]
 [ 0.55993891  0.26401682  0.44448643  0.11630153  0.56411637  0.58441839
  -0.3343764   1.03693746]
 [-0.80472964  1.83941949  0.68203008 -0.03884599 -0.0531658  -0.62773525
   0.6938804   0.04934285]
 [ 0.1375316   0.50485253  0.23500906  0.11108448  0.34811001  0.21010626
  -0.10187636  0.71883053]
 [-0.55292787  1.36547026  0.42242508  0.04008301  0.14377031 -0.32773678
   0.42044479  0.39503773]
 [-0.73450547  1.68266882  0.63356477 -0.01086472 -0.15513626 -0.58477116
   0.66113878  0.06578151]
 [-0.55607789  1.61742675  0.76033485 -0.16572894  0.05019074 -0.40371352
   0.36112874  0.1360601 ]
 [ 0.57233275  0.28935044  0.44861481  0.08163497  0.49056784  0.55425738
  -0.31390746  0.88577913]]